#EMX1.0 
##########################################################################
#               EMX Exchange file 
#               Produced by PyCifRW module
# 
#  This is a EMX file.  EMX has been adopted after the developer's Madrid
#  Meeting (6-7, Febrary - 2012) as the standard for data archiving 
#  and transmission in 3DEM.
#
#  Information on this file format is available at 
#  http://conventions.cnb.csic.es
##########################################################################
#  Converted from XMIPP_STAR_1 to EMX1.0
#  Inputfile: stack2D.sel
##########################################################################
#  Thanks for using EMX interchange format
#  One of the best ways you can help us to improve this software
#  is to let us know about any problems you find with it.
#  Please report bugs to: xmipp@cnb.csic.es
##########################################################################

data_reconstruction
_emx_micrograph.url                     reconstruction
loop_
  _emx_particle.url
  _emx_particle.transformation_matrix_1_1
  _emx_particle.transformation_matrix_1_2
  _emx_particle.transformation_matrix_1_3
  _emx_particle.transformation_matrix_offset_x
  _emx_particle.transformation_matrix_2_1
  _emx_particle.transformation_matrix_2_2
  _emx_particle.transformation_matrix_2_3
  _emx_particle.transformation_matrix_offset_y
  _emx_particle.transformation_matrix_3_1
  _emx_particle.transformation_matrix_3_2
  _emx_particle.transformation_matrix_3_3
  _emx_particle.transformation_matrix_offset_z
  _emx_particle.enable
  _emx_particle.FOM
   000001@stack2D.mrc  1.0  0.0  0.0  -2.837350  0.0  1.0  0.0  -2.377453  0.0  0.0  1.0  0  1  1.0
   000002@stack2D.mrc  0.866025403784  0.5  0.0  1.697560  -0.5  0.866025403784  0.0  2.381712  0.0  0.0  1.0  0  1  1.0
   000003@stack2D.mrc  0.5  0.866025403784  0.0  5.091405  -0.866025403784  0.5  0.0  -2.221403  0.0  0.0  1.0  0  1  1.0
   000004@stack2D.mrc  6.12323399574e-17  1.0  0.0  1.447419  -1.0  6.12323399574e-17  0.0  -9.635101  0.0  0.0  1.0  0  1  1.0
   000005@stack2D.mrc  -0.5  0.866025403784  0.0  2.094409  -0.866025403784  -0.5  0.0  1.421200  0.0  0.0  1.0  0  1  1.0
   000006@stack2D.mrc  -0.866025403784  0.5  0.0  -7.419819  -0.5  -0.866025403784  0.0  1.733400  0.0  0.0  1.0  0  1  1.0
   000007@stack2D.mrc  -1.0  1.22464679915e-16  0.0  -0.045963  -1.22464679915e-16  -1.0  0.0  4.239624  0.0  0.0  1.0  0  1  1.0
   000008@stack2D.mrc  0.965925826289  0.0  -0.258819045103  3.409130  0.0  1.0  0.0  -2.557048  0.258819045103  0.0  0.965925826289  0  1  1.0
   000009@stack2D.mrc  0.836516303738  0.5  -0.224143868042  -2.439919  -0.482962913145  0.866025403784  0.129409522551  -0.887330  0.258819045103  0.0  0.965925826289  0  1  1.0
   000010@stack2D.mrc  0.482962913145  0.866025403784  -0.129409522551  2.509872  -0.836516303738  0.5  0.224143868042  1.602133  0.258819045103  0.0  0.965925826289  0  1  1.0
   000011@stack2D.mrc  5.91458985689e-17  1.0  -1.58480957572e-17  -3.743792  -0.965925826289  6.12323399574e-17  0.258819045103  3.121991  0.258819045103  0.0  0.965925826289  0  1  1.0
   000012@stack2D.mrc  -0.482962913145  0.866025403784  0.129409522551  1.326622  -0.836516303738  -0.5  0.224143868042  -3.547142  0.258819045103  0.0  0.965925826289  0  1  1.0
   000013@stack2D.mrc  -0.836516303738  0.5  0.224143868042  -0.720952  -0.482962913145  -0.866025403784  0.129409522551  -8.695181  0.258819045103  0.0  0.965925826289  0  1  1.0
   000014@stack2D.mrc  -0.965925826289  1.22464679915e-16  0.258819045103  -0.783756  -1.18291797138e-16  -1.0  3.16961915143e-17  -1.039769  0.258819045103  0.0  0.965925826289  0  1  1.0
   000015@stack2D.mrc  0.866025403784  0.0  -0.5  -2.684268  0.0  1.0  0.0  -0.515290  0.5  0.0  0.866025403784  0  1  1.0
   000016@stack2D.mrc  0.75  0.5  -0.433012701892  -1.256111  -0.433012701892  0.866025403784  0.25  -4.130568  0.5  0.0  0.866025403784  0  1  1.0
   000017@stack2D.mrc  0.433012701892  0.866025403784  -0.25  -1.241070  -0.75  0.5  0.433012701892  1.161525  0.5  0.0  0.866025403784  0  1  1.0
   000018@stack2D.mrc  5.30287619362e-17  1.0  -3.06161699787e-17  -0.526416  -0.866025403784  6.12323399574e-17  0.5  0.147349  0.5  0.0  0.866025403784  0  1  1.0
   000019@stack2D.mrc  -0.433012701892  0.866025403784  0.25  4.067213  -0.75  -0.5  0.433012701892  0.028734  0.5  0.0  0.866025403784  0  1  1.0
   000020@stack2D.mrc  -0.75  0.5  0.433012701892  -2.158179  -0.433012701892  -0.866025403784  0.25  -8.771859  0.5  0.0  0.866025403784  0  1  1.0
   000021@stack2D.mrc  -0.866025403784  1.22464679915e-16  0.5  -2.391806  -1.06057523872e-16  -1.0  6.12323399574e-17  0.224014  0.5  0.0  0.866025403784  0  1  1.0
   000022@stack2D.mrc  0.707106781187  0.0  -0.707106781187  -4.135601  0.0  1.0  0.0  2.847931  0.707106781187  0.0  0.707106781187  0  1  1.0
   000023@stack2D.mrc  0.612372435696  0.5  -0.612372435696  4.378257  -0.353553390593  0.866025403784  0.353553390593  0.574168  0.707106781187  0.0  0.707106781187  0  1  1.0
   000024@stack2D.mrc  0.353553390593  0.866025403784  -0.353553390593  0.077094  -0.612372435696  0.5  0.612372435696  1.488256  0.707106781187  0.0  0.707106781187  0  1  1.0
   000025@stack2D.mrc  4.32978028118e-17  1.0  -4.32978028118e-17  -5.177386  -0.707106781187  6.12323399574e-17  0.707106781187  4.768214  0.707106781187  0.0  0.707106781187  0  1  1.0
   000026@stack2D.mrc  -0.353553390593  0.866025403784  0.353553390593  1.103274  -0.612372435696  -0.5  0.612372435696  -4.629180  0.707106781187  0.0  0.707106781187  0  1  1.0
   000027@stack2D.mrc  -0.612372435696  0.5  0.612372435696  7.022201  -0.353553390593  -0.866025403784  0.353553390593  -4.384651  0.707106781187  0.0  0.707106781187  0  1  1.0
   000028@stack2D.mrc  -0.707106781187  1.22464679915e-16  0.707106781187  -1.628827  -8.65956056235e-17  -1.0  8.65956056235e-17  0.843242  0.707106781187  0.0  0.707106781187  0  1  1.0
   000029@stack2D.mrc  0.5  0.0  -0.866025403784  -8.338098  0.0  1.0  0.0  3.325513  0.866025403784  0.0  0.5  0  1  1.0
   000030@stack2D.mrc  0.433012701892  0.5  -0.75  2.892151  -0.25  0.866025403784  0.433012701892  4.979185  0.866025403784  0.0  0.5  0  1  1.0
   000031@stack2D.mrc  0.25  0.866025403784  -0.433012701892  6.484805  -0.433012701892  0.5  0.75  8.319811  0.866025403784  0.0  0.5  0  1  1.0
   000032@stack2D.mrc  3.06161699787e-17  1.0  -5.30287619362e-17  -5.185219  -0.5  6.12323399574e-17  0.866025403784  7.188238  0.866025403784  0.0  0.5  0  1  1.0
   000033@stack2D.mrc  -0.25  0.866025403784  0.433012701892  -0.514925  -0.433012701892  -0.5  0.75  10.235523  0.866025403784  0.0  0.5  0  1  1.0
   000034@stack2D.mrc  -0.433012701892  0.5  0.75  1.472222  -0.25  -0.866025403784  0.433012701892  3.763726  0.866025403784  0.0  0.5  0  1  1.0
   000035@stack2D.mrc  -0.5  1.22464679915e-16  0.866025403784  -1.743063  -6.12323399574e-17  -1.0  1.06057523872e-16  -5.073544  0.866025403784  0.0  0.5  0  1  1.0
   000036@stack2D.mrc  0.258819045103  0.0  -0.965925826289  1.603163  0.0  1.0  0.0  6.654869  0.965925826289  0.0  0.258819045103  0  1  1.0
   000037@stack2D.mrc  0.224143868042  0.5  -0.836516303738  -1.117916  -0.129409522551  0.866025403784  0.482962913145  -8.795596  0.965925826289  0.0  0.258819045103  0  1  1.0
   000038@stack2D.mrc  0.129409522551  0.866025403784  -0.482962913145  2.153637  -0.224143868042  0.5  0.836516303738  -4.647544  0.965925826289  0.0  0.258819045103  0  1  1.0
   000039@stack2D.mrc  1.58480957572e-17  1.0  -5.91458985689e-17  -0.017389  -0.258819045103  6.12323399574e-17  0.965925826289  6.857463  0.965925826289  0.0  0.258819045103  0  1  1.0
   000040@stack2D.mrc  -0.129409522551  0.866025403784  0.482962913145  1.595440  -0.224143868042  -0.5  0.836516303738  2.035448  0.965925826289  0.0  0.258819045103  0  1  1.0
   000041@stack2D.mrc  -0.224143868042  0.5  0.836516303738  -4.865393  -0.129409522551  -0.866025403784  0.482962913145  0.093797  0.965925826289  0.0  0.258819045103  0  1  1.0
   000042@stack2D.mrc  -0.258819045103  1.22464679915e-16  0.965925826289  2.643633  -3.16961915143e-17  -1.0  1.18291797138e-16  7.525743  0.965925826289  0.0  0.258819045103  0  1  1.0
   000043@stack2D.mrc  6.12323399574e-17  0.0  -1.0  -0.478070  0.0  1.0  0.0  0.130294  1.0  0.0  6.12323399574e-17  0  1  1.0
   000044@stack2D.mrc  5.30287619362e-17  0.5  -0.866025403784  -0.027837  -3.06161699787e-17  0.866025403784  0.5  4.963253  1.0  0.0  6.12323399574e-17  0  1  1.0
   000045@stack2D.mrc  3.06161699787e-17  0.866025403784  -0.5  -2.290527  -5.30287619362e-17  0.5  0.866025403784  3.499856  1.0  0.0  6.12323399574e-17  0  1  1.0
   000046@stack2D.mrc  3.74939945665e-33  1.0  -6.12323399574e-17  1.337383  -6.12323399574e-17  6.12323399574e-17  1.0  3.632703  1.0  0.0  6.12323399574e-17  0  1  1.0
   000047@stack2D.mrc  -3.06161699787e-17  0.866025403784  0.5  -1.935293  -5.30287619362e-17  -0.5  0.866025403784  9.510162  1.0  0.0  6.12323399574e-17  0  1  1.0
   000048@stack2D.mrc  -5.30287619362e-17  0.5  0.866025403784  -0.622194  -3.06161699787e-17  -0.866025403784  0.5  -6.064823  1.0  0.0  6.12323399574e-17  0  1  1.0
   000049@stack2D.mrc  -6.12323399574e-17  1.22464679915e-16  1.0  7.500233  -7.49879891331e-33  -1.0  1.22464679915e-16  -1.678202  1.0  0.0  6.12323399574e-17  0  1  1.0
   000050@stack2D.mrc  0.5  0.866025403784  0.0  0.807211  -0.866025403784  0.5  0.0  3.609823  0.0  0.0  1.0  0  1  1.0
   000051@stack2D.mrc  2.22044604925e-16  1.0  0.0  4.601922  -1.0  2.22044604925e-16  0.0  0.950293  0.0  0.0  1.0  0  1  1.0
   000052@stack2D.mrc  -0.5  0.866025403784  0.0  7.890421  -0.866025403784  -0.5  0.0  -1.294390  0.0  0.0  1.0  0  1  1.0
   000053@stack2D.mrc  -0.866025403784  0.5  0.0  -3.650050  -0.5  -0.866025403784  0.0  -0.145648  0.0  0.0  1.0  0  1  1.0
   000054@stack2D.mrc  -1.0  3.33066907388e-16  0.0  -5.915158  -3.33066907388e-16  -1.0  0.0  4.894507  0.0  0.0  1.0  0  1  1.0
   000055@stack2D.mrc  -0.866025403784  -0.5  0.0  -7.287603  0.5  -0.866025403784  0.0  -0.931705  0.0  0.0  1.0  0  1  1.0
   000056@stack2D.mrc  -0.5  -0.866025403784  0.0  6.841866  0.866025403784  -0.5  0.0  -0.436497  0.0  0.0  1.0  0  1  1.0
   000057@stack2D.mrc  0.482962913145  0.836516303738  -0.258819045103  4.923295  -0.866025403784  0.5  0.0  -1.907850  0.129409522551  0.224143868042  0.965925826289  0  1  1.0
   000058@stack2D.mrc  -0.0147545500233  0.974444369717  -0.224143868042  2.203477  -0.991481456572  0.0147545500233  0.129409522551  -1.023559  0.129409522551  0.224143868042  0.965925826289  0  1  1.0
   000059@stack2D.mrc  -0.508518543428  0.851270853761  -0.129409522551  0.479422  -0.851270853761  -0.474444369717  0.224143868042  6.036672  0.129409522551  0.224143868042  0.965925826289  0  1  1.0
   000060@stack2D.mrc  -0.866025403784  0.5  -1.58480957572e-17  0.271125  -0.482962913145  -0.836516303738  0.258819045103  -5.609211  0.129409522551  0.224143868042  0.965925826289  0  1  1.0
   000061@stack2D.mrc  -0.991481456572  0.0147545500233  0.129409522551  1.891065  0.0147545500233  -0.974444369717  0.224143868042  2.343407  0.129409522551  0.224143868042  0.965925826289  0  1  1.0
   000062@stack2D.mrc  -0.851270853761  -0.474444369717  0.224143868042  1.160792  0.508518543428  -0.851270853761  0.129409522551  -3.178096  0.129409522551  0.224143868042  0.965925826289  0  1  1.0
   000063@stack2D.mrc  -0.482962913145  -0.836516303738  0.258819045103  -3.992496  0.866025403784  -0.5  3.16961915143e-17  -3.443255  0.129409522551  0.224143868042  0.965925826289  0  1  1.0
   000064@stack2D.mrc  0.433012701892  0.75  -0.5  -5.533079  -0.866025403784  0.5  0.0  4.720548  0.25  0.433012701892  0.866025403784  0  1  1.0
   000065@stack2D.mrc  -0.0580127018922  0.899519052838  -0.433012701892  -4.911800  -0.966506350946  0.0580127018922  0.25  -2.829533  0.25  0.433012701892  0.866025403784  0  1  1.0
   000066@stack2D.mrc  -0.533493649054  0.808012701892  -0.25  4.621277  -0.808012701892  -0.399519052838  0.433012701892  1.625923  0.25  0.433012701892  0.866025403784  0  1  1.0
   000067@stack2D.mrc  -0.866025403784  0.5  -3.06161699787e-17  2.248023  -0.433012701892  -0.75  0.5  -2.909996  0.25  0.433012701892  0.866025403784  0  1  1.0
   000068@stack2D.mrc  -0.966506350946  0.0580127018922  0.25  -1.813014  0.0580127018922  -0.899519052838  0.433012701892  5.831876  0.25  0.433012701892  0.866025403784  0  1  1.0
   000069@stack2D.mrc  -0.808012701892  -0.399519052838  0.433012701892  4.430177  0.533493649054  -0.808012701892  0.25  -6.189036  0.25  0.433012701892  0.866025403784  0  1  1.0
   000070@stack2D.mrc  -0.433012701892  -0.75  0.5  2.234351  0.866025403784  -0.5  6.12323399574e-17  -0.311749  0.25  0.433012701892  0.866025403784  0  1  1.0
   000071@stack2D.mrc  0.353553390593  0.612372435696  -0.707106781187  -6.251981  -0.866025403784  0.5  0.0  -0.083225  0.353553390593  0.612372435696  0.707106781187  0  1  1.0
   000072@stack2D.mrc  -0.126826484044  0.78033008589  -0.612372435696  4.344037  -0.926776695297  0.126826484044  0.353553390593  3.611775  0.353553390593  0.612372435696  0.707106781187  0  1  1.0
   000073@stack2D.mrc  -0.573223304703  0.73919891974  -0.353553390593  -5.052887  -0.73919891974  -0.28033008589  0.612372435696  2.920895  0.353553390593  0.612372435696  0.707106781187  0  1  1.0
   000074@stack2D.mrc  -0.866025403784  0.5  -4.32978028118e-17  -1.288258  -0.353553390593  -0.612372435696  0.707106781187  -11.442449  0.353553390593  0.612372435696  0.707106781187  0  1  1.0
   000075@stack2D.mrc  -0.926776695297  0.126826484044  0.353553390593  -4.470736  0.126826484044  -0.78033008589  0.612372435696  -6.643583  0.353553390593  0.612372435696  0.707106781187  0  1  1.0
   000076@stack2D.mrc  -0.73919891974  -0.28033008589  0.612372435696  -5.129150  0.573223304703  -0.73919891974  0.353553390593  3.581676  0.353553390593  0.612372435696  0.707106781187  0  1  1.0
   000077@stack2D.mrc  -0.353553390593  -0.612372435696  0.707106781187  -1.371154  0.866025403784  -0.5  8.65956056235e-17  -4.239653  0.353553390593  0.612372435696  0.707106781187  0  1  1.0
   000078@stack2D.mrc  0.25  0.433012701892  -0.866025403784  2.951671  -0.866025403784  0.5  0.0  3.796931  0.433012701892  0.75  0.5  0  1  1.0
   000079@stack2D.mrc  -0.216506350946  0.625  -0.75  -0.591582  -0.875  0.216506350946  0.433012701892  -4.085137  0.433012701892  0.75  0.5  0  1  1.0
   000080@stack2D.mrc  -0.625  0.649519052838  -0.433012701892  2.760464  -0.649519052838  -0.125  0.75  7.400155  0.433012701892  0.75  0.5  0  1  1.0
   000081@stack2D.mrc  -0.866025403784  0.5  -5.30287619362e-17  -8.598325  -0.25  -0.433012701892  0.866025403784  0.094886  0.433012701892  0.75  0.5  0  1  1.0
   000082@stack2D.mrc  -0.875  0.216506350946  0.433012701892  -7.352352  0.216506350946  -0.625  0.75  -5.920578  0.433012701892  0.75  0.5  0  1  1.0
   000083@stack2D.mrc  -0.649519052838  -0.125  0.75  -6.233685  0.625  -0.649519052838  0.433012701892  1.957075  0.433012701892  0.75  0.5  0  1  1.0
   000084@stack2D.mrc  -0.25  -0.433012701892  0.866025403784  -4.778645  0.866025403784  -0.5  1.06057523872e-16  3.288552  0.433012701892  0.75  0.5  0  1  1.0
   000085@stack2D.mrc  0.129409522551  0.224143868042  -0.965925826289  0.697677  -0.866025403784  0.5  0.0  7.782807  0.482962913145  0.836516303738  0.258819045103  0  1  1.0
   000086@stack2D.mrc  -0.320940767871  0.444114283827  -0.836516303738  -1.029790  -0.814704761276  0.320940767871  0.482962913145  -1.222001  0.482962913145  0.836516303738  0.258819045103  0  1  1.0
   000087@stack2D.mrc  -0.685295238724  0.545084635913  -0.482962913145  1.411885  -0.545084635913  0.0558857161731  0.836516303738  -2.490394  0.482962913145  0.836516303738  0.258819045103  0  1  1.0
   000088@stack2D.mrc  -0.866025403784  0.5  -5.91458985689e-17  1.316424  -0.129409522551  -0.224143868042  0.965925826289  0.865985  0.482962913145  0.836516303738  0.258819045103  0  1  1.0
   000089@stack2D.mrc  -0.814704761276  0.320940767871  0.482962913145  1.660884  0.320940767871  -0.444114283827  0.836516303738  -2.225926  0.482962913145  0.836516303738  0.258819045103  0  1  1.0
   000090@stack2D.mrc  -0.545084635913  0.0558857161731  0.836516303738  -4.319007  0.685295238724  -0.545084635913  0.482962913145  1.886755  0.482962913145  0.836516303738  0.258819045103  0  1  1.0
   000091@stack2D.mrc  -0.129409522551  -0.224143868042  0.965925826289  -1.387157  0.866025403784  -0.5  1.18291797138e-16  -10.519775  0.482962913145  0.836516303738  0.258819045103  0  1  1.0
   000092@stack2D.mrc  3.06161699787e-17  5.30287619362e-17  -1.0  -1.894967  -0.866025403784  0.5  0.0  -2.191884  0.5  0.866025403784  6.12323399574e-17  0  1  1.0
   000093@stack2D.mrc  -0.433012701892  0.25  -0.866025403784  -1.202170  -0.75  0.433012701892  0.5  -0.272223  0.5  0.866025403784  6.12323399574e-17  0  1  1.0
   000094@stack2D.mrc  -0.75  0.433012701892  -0.5  -3.753938  -0.433012701892  0.25  0.866025403784  -1.928409  0.5  0.866025403784  6.12323399574e-17  0  1  1.0
   000095@stack2D.mrc  -0.866025403784  0.5  -6.12323399574e-17  5.548818  -8.36449319149e-17  -2.24125919576e-17  1.0  -5.680880  0.5  0.866025403784  6.12323399574e-17  0  1  1.0
   000096@stack2D.mrc  -0.75  0.433012701892  0.5  0.501984  0.433012701892  -0.25  0.866025403784  5.279949  0.5  0.866025403784  6.12323399574e-17  0  1  1.0
   000097@stack2D.mrc  -0.433012701892  0.25  0.866025403784  -0.784612  0.75  -0.433012701892  0.5  -1.527845  0.5  0.866025403784  6.12323399574e-17  0  1  1.0
   000098@stack2D.mrc  -1.36673693851e-16  8.20357802112e-18  1.0  2.295018  0.866025403784  -0.5  1.22464679915e-16  1.200143  0.5  0.866025403784  6.12323399574e-17  0  1  1.0
   000099@stack2D.mrc  -0.5  0.866025403784  0.0  0.721895  -0.866025403784  -0.5  0.0  -4.308262  0.0  0.0  1.0  0  1  1.0
   000100@stack2D.mrc  -0.866025403784  0.5  0.0  -4.885301  -0.5  -0.866025403784  0.0  0.051255  0.0  0.0  1.0  0  1  1.0
   000101@stack2D.mrc  -1.0  3.33066907388e-16  0.0  2.318979  -3.33066907388e-16  -1.0  0.0  3.958787  0.0  0.0  1.0  0  1  1.0
   000102@stack2D.mrc  -0.866025403784  -0.5  0.0  0.056026  0.5  -0.866025403784  0.0  -13.125916  0.0  0.0  1.0  0  1  1.0
   000103@stack2D.mrc  -0.5  -0.866025403784  0.0  -2.191454  0.866025403784  -0.5  0.0  0.973911  0.0  0.0  1.0  0  1  1.0
   000104@stack2D.mrc  -1.11022302463e-16  -1.0  0.0  -2.329663  1.0  -1.11022302463e-16  0.0  -5.813560  0.0  0.0  1.0  0  1  1.0
   000105@stack2D.mrc  0.5  -0.866025403784  0.0  2.353046  0.866025403784  0.5  0.0  3.103028  0.0  0.0  1.0  0  1  1.0
   000106@stack2D.mrc  -0.482962913145  0.836516303738  -0.258819045103  -6.290704  -0.866025403784  -0.5  0.0  2.556754  -0.129409522551  0.224143868042  0.965925826289  0  1  1.0
   000107@stack2D.mrc  -0.851270853761  0.474444369717  -0.224143868042  -0.741385  -0.508518543428  -0.851270853761  0.129409522551  1.674814  -0.129409522551  0.224143868042  0.965925826289  0  1  1.0
   000108@stack2D.mrc  -0.991481456572  -0.0147545500233  -0.129409522551  0.765670  -0.0147545500233  -0.974444369717  0.224143868042  -6.489131  -0.129409522551  0.224143868042  0.965925826289  0  1  1.0
   000109@stack2D.mrc  -0.866025403784  -0.5  -1.58480957572e-17  1.103136  0.482962913145  -0.836516303738  0.258819045103  7.053435  -0.129409522551  0.224143868042  0.965925826289  0  1  1.0
   000110@stack2D.mrc  -0.508518543428  -0.851270853761  0.129409522551  5.114307  0.851270853761  -0.474444369717  0.224143868042  3.872543  -0.129409522551  0.224143868042  0.965925826289  0  1  1.0
   000111@stack2D.mrc  -0.0147545500233  -0.974444369717  0.224143868042  7.398007  0.991481456572  0.0147545500233  0.129409522551  0.969142  -0.129409522551  0.224143868042  0.965925826289  0  1  1.0
   000112@stack2D.mrc  0.482962913145  -0.836516303738  0.258819045103  -1.213331  0.866025403784  0.5  3.16961915143e-17  -2.234339  -0.129409522551  0.224143868042  0.965925826289  0  1  1.0
   000113@stack2D.mrc  -0.433012701892  0.75  -0.5  4.265817  -0.866025403784  -0.5  0.0  1.516747  -0.25  0.433012701892  0.866025403784  0  1  1.0
   000114@stack2D.mrc  -0.808012701892  0.399519052838  -0.433012701892  1.301402  -0.533493649054  -0.808012701892  0.25  -5.360245  -0.25  0.433012701892  0.866025403784  0  1  1.0
   000115@stack2D.mrc  -0.966506350946  -0.0580127018922  -0.25  -2.390783  -0.0580127018922  -0.899519052838  0.433012701892  -1.399363  -0.25  0.433012701892  0.866025403784  0  1  1.0
   000116@stack2D.mrc  -0.866025403784  -0.5  -3.06161699787e-17  -5.786627  0.433012701892  -0.75  0.5  -8.892585  -0.25  0.433012701892  0.866025403784  0  1  1.0
   000117@stack2D.mrc  -0.533493649054  -0.808012701892  0.25  -4.783210  0.808012701892  -0.399519052838  0.433012701892  0.741597  -0.25  0.433012701892  0.866025403784  0  1  1.0
   000118@stack2D.mrc  -0.0580127018922  -0.899519052838  0.433012701892  4.630807  0.966506350946  0.0580127018922  0.25  5.919082  -0.25  0.433012701892  0.866025403784  0  1  1.0
   000119@stack2D.mrc  0.433012701892  -0.75  0.5  3.937815  0.866025403784  0.5  6.12323399574e-17  -2.070287  -0.25  0.433012701892  0.866025403784  0  1  1.0
   000120@stack2D.mrc  -0.353553390593  0.612372435696  -0.707106781187  0.795478  -0.866025403784  -0.5  0.0  6.386728  -0.353553390593  0.612372435696  0.707106781187  0  1  1.0
   000121@stack2D.mrc  -0.73919891974  0.28033008589  -0.612372435696  6.653682  -0.573223304703  -0.73919891974  0.353553390593  1.238367  -0.353553390593  0.612372435696  0.707106781187  0  1  1.0
   000122@stack2D.mrc  -0.926776695297  -0.126826484044  -0.353553390593  -0.195315  -0.126826484044  -0.78033008589  0.612372435696  2.942027  -0.353553390593  0.612372435696  0.707106781187  0  1  1.0
   000123@stack2D.mrc  -0.866025403784  -0.5  -4.32978028118e-17  -7.088086  0.353553390593  -0.612372435696  0.707106781187  3.658389  -0.353553390593  0.612372435696  0.707106781187  0  1  1.0
   000124@stack2D.mrc  -0.573223304703  -0.73919891974  0.353553390593  2.655427  0.73919891974  -0.28033008589  0.612372435696  -3.018577  -0.353553390593  0.612372435696  0.707106781187  0  1  1.0
   000125@stack2D.mrc  -0.126826484044  -0.78033008589  0.612372435696  4.697448  0.926776695297  0.126826484044  0.353553390593  7.061349  -0.353553390593  0.612372435696  0.707106781187  0  1  1.0
   000126@stack2D.mrc  0.353553390593  -0.612372435696  0.707106781187  2.167312  0.866025403784  0.5  8.65956056235e-17  -4.037163  -0.353553390593  0.612372435696  0.707106781187  0  1  1.0
   000127@stack2D.mrc  -0.25  0.433012701892  -0.866025403784  -1.756592  -0.866025403784  -0.5  0.0  -1.110366  -0.433012701892  0.75  0.5  0  1  1.0
   000128@stack2D.mrc  -0.649519052838  0.125  -0.75  1.784837  -0.625  -0.649519052838  0.433012701892  1.521828  -0.433012701892  0.75  0.5  0  1  1.0
   000129@stack2D.mrc  -0.875  -0.216506350946  -0.433012701892  -0.567041  -0.216506350946  -0.625  0.75  3.916037  -0.433012701892  0.75  0.5  0  1  1.0
   000130@stack2D.mrc  -0.866025403784  -0.5  -5.30287619362e-17  0.200037  0.25  -0.433012701892  0.866025403784  -1.528179  -0.433012701892  0.75  0.5  0  1  1.0
   000131@stack2D.mrc  -0.625  -0.649519052838  0.433012701892  1.010320  0.649519052838  -0.125  0.75  5.398363  -0.433012701892  0.75  0.5  0  1  1.0
   000132@stack2D.mrc  -0.216506350946  -0.625  0.75  8.119193  0.875  0.216506350946  0.433012701892  -2.442679  -0.433012701892  0.75  0.5  0  1  1.0
   000133@stack2D.mrc  0.25  -0.433012701892  0.866025403784  0.307527  0.866025403784  0.5  1.06057523872e-16  -11.011872  -0.433012701892  0.75  0.5  0  1  1.0
   000134@stack2D.mrc  -0.129409522551  0.224143868042  -0.965925826289  4.152553  -0.866025403784  -0.5  0.0  -1.361010  -0.482962913145  0.836516303738  0.258819045103  0  1  1.0
   000135@stack2D.mrc  -0.545084635913  -0.0558857161731  -0.836516303738  8.138457  -0.685295238724  -0.545084635913  0.482962913145  -0.043017  -0.482962913145  0.836516303738  0.258819045103  0  1  1.0
   000136@stack2D.mrc  -0.814704761276  -0.320940767871  -0.482962913145  -4.614604  -0.320940767871  -0.444114283827  0.836516303738  3.577023  -0.482962913145  0.836516303738  0.258819045103  0  1  1.0
   000137@stack2D.mrc  -0.866025403784  -0.5  -5.91458985689e-17  4.743832  0.129409522551  -0.224143868042  0.965925826289  1.740443  -0.482962913145  0.836516303738  0.258819045103  0  1  1.0
   000138@stack2D.mrc  -0.685295238724  -0.545084635913  0.482962913145  -1.070903  0.545084635913  0.0558857161731  0.836516303738  4.939548  -0.482962913145  0.836516303738  0.258819045103  0  1  1.0
   000139@stack2D.mrc  -0.320940767871  -0.444114283827  0.836516303738  -5.163213  0.814704761276  0.320940767871  0.482962913145  5.099117  -0.482962913145  0.836516303738  0.258819045103  0  1  1.0
   000140@stack2D.mrc  0.129409522551  -0.224143868042  0.965925826289  0.323864  0.866025403784  0.5  1.18291797138e-16  3.251683  -0.482962913145  0.836516303738  0.258819045103  0  1  1.0
   000141@stack2D.mrc  -3.06161699787e-17  5.30287619362e-17  -1.0  -0.049834  -0.866025403784  -0.5  0.0  0.670290  -0.5  0.866025403784  6.12323399574e-17  0  1  1.0
   000142@stack2D.mrc  -0.433012701892  -0.25  -0.866025403784  0.969286  -0.75  -0.433012701892  0.5  2.623417  -0.5  0.866025403784  6.12323399574e-17  0  1  1.0
   000143@stack2D.mrc  -0.75  -0.433012701892  -0.5  6.681509  -0.433012701892  -0.25  0.866025403784  -4.341436  -0.5  0.866025403784  6.12323399574e-17  0  1  1.0
   000144@stack2D.mrc  -0.866025403784  -0.5  -6.12323399574e-17  3.567416  -2.24125919576e-17  -8.36449319149e-17  1.0  2.902080  -0.5  0.866025403784  6.12323399574e-17  0  1  1.0
   000145@stack2D.mrc  -0.75  -0.433012701892  0.5  -5.202908  0.433012701892  0.25  0.866025403784  -1.853799  -0.5  0.866025403784  6.12323399574e-17  0  1  1.0
   000146@stack2D.mrc  -0.433012701892  -0.25  0.866025403784  -2.252101  0.75  0.433012701892  0.5  1.372621  -0.5  0.866025403784  6.12323399574e-17  0  1  1.0
   000147@stack2D.mrc  -7.54413538938e-17  -1.14261101894e-16  1.0  -1.106035  0.866025403784  0.5  1.22464679915e-16  -2.150588  -0.5  0.866025403784  6.12323399574e-17  0  1  1.0
   000148@stack2D.mrc  -1.0  1.22464679915e-16  0.0  -2.059555  -1.22464679915e-16  -1.0  0.0  6.735803  0.0  0.0  1.0  0  1  1.0
   000149@stack2D.mrc  -0.866025403784  -0.5  0.0  -8.850700  0.5  -0.866025403784  0.0  -2.265479  0.0  0.0  1.0  0  1  1.0
   000150@stack2D.mrc  -0.5  -0.866025403784  0.0  -3.596725  0.866025403784  -0.5  0.0  -0.430830  0.0  0.0  1.0  0  1  1.0
   000151@stack2D.mrc  -1.83697019872e-16  -1.0  0.0  1.816304  1.0  -1.83697019872e-16  0.0  -3.160231  0.0  0.0  1.0  0  1  1.0
   000152@stack2D.mrc  0.5  -0.866025403784  0.0  -4.333379  0.866025403784  0.5  0.0  -9.887733  0.0  0.0  1.0  0  1  1.0
   000153@stack2D.mrc  0.866025403784  -0.5  0.0  -3.327983  0.5  0.866025403784  0.0  2.501871  0.0  0.0  1.0  0  1  1.0
   000154@stack2D.mrc  1.0  -2.44929359829e-16  0.0  4.436644  2.44929359829e-16  1.0  0.0  -3.125983  0.0  0.0  1.0  0  1  1.0
   000155@stack2D.mrc  -0.965925826289  1.18291797138e-16  -0.258819045103  3.232114  -1.22464679915e-16  -1.0  0.0  -6.814225  -0.258819045103  3.16961915143e-17  0.965925826289  0  1  1.0
   000156@stack2D.mrc  -0.836516303738  -0.5  -0.224143868042  -4.158976  0.482962913145  -0.866025403784  0.129409522551  0.463845  -0.258819045103  3.16961915143e-17  0.965925826289  0  1  1.0
   000157@stack2D.mrc  -0.482962913145  -0.866025403784  -0.129409522551  -4.409165  0.836516303738  -0.5  0.224143868042  -3.145632  -0.258819045103  3.16961915143e-17  0.965925826289  0  1  1.0
   000158@stack2D.mrc  -1.81610578484e-16  -1.0  -1.58480957572e-17  2.200933  0.965925826289  -1.79524137095e-16  0.258819045103  -1.896196  -0.258819045103  3.16961915143e-17  0.965925826289  0  1  1.0
   000159@stack2D.mrc  0.482962913145  -0.866025403784  0.129409522551  -1.884993  0.836516303738  0.5  0.224143868042  -3.122281  -0.258819045103  3.16961915143e-17  0.965925826289  0  1  1.0
   000160@stack2D.mrc  0.836516303738  -0.5  0.224143868042  -0.812826  0.482962913145  0.866025403784  0.129409522551  7.040213  -0.258819045103  3.16961915143e-17  0.965925826289  0  1  1.0
   000161@stack2D.mrc  0.965925826289  -2.40756477053e-16  0.258819045103  -0.210649  2.40756477053e-16  1.0  3.16961915143e-17  2.842077  -0.258819045103  3.16961915143e-17  0.965925826289  0  1  1.0
   000162@stack2D.mrc  -0.866025403784  1.06057523872e-16  -0.5  0.158909  -1.22464679915e-16  -1.0  0.0  -2.716735  -0.5  6.12323399574e-17  0.866025403784  0  1  1.0
   000163@stack2D.mrc  -0.75  -0.5  -0.433012701892  -1.116992  0.433012701892  -0.866025403784  0.25  -2.024261  -0.5  6.12323399574e-17  0.866025403784  0  1  1.0
   000164@stack2D.mrc  -0.433012701892  -0.866025403784  -0.25  6.133397  0.75  -0.5  0.433012701892  -6.013724  -0.5  6.12323399574e-17  0.866025403784  0  1  1.0
   000165@stack2D.mrc  -1.75493441851e-16  -1.0  -3.06161699787e-17  -2.750390  0.866025403784  -1.6728986383e-16  0.5  -5.304231  -0.5  6.12323399574e-17  0.866025403784  0  1  1.0
   000166@stack2D.mrc  0.433012701892  -0.866025403784  0.25  4.190732  0.75  0.5  0.433012701892  3.269033  -0.5  6.12323399574e-17  0.866025403784  0  1  1.0
   000167@stack2D.mrc  0.75  -0.5  0.433012701892  -3.221064  0.433012701892  0.866025403784  0.25  -1.886299  -0.5  6.12323399574e-17  0.866025403784  0  1  1.0
   000168@stack2D.mrc  0.866025403784  -2.28522203787e-16  0.5  -3.674740  2.28522203787e-16  1.0  6.12323399574e-17  4.717726  -0.5  6.12323399574e-17  0.866025403784  0  1  1.0
   000169@stack2D.mrc  -0.707106781187  8.65956056235e-17  -0.707106781187  -2.366344  -1.22464679915e-16  -1.0  0.0  -5.143570  -0.707106781187  8.65956056235e-17  0.707106781187  0  1  1.0
   000170@stack2D.mrc  -0.612372435696  -0.5  -0.612372435696  -6.746544  0.353553390593  -0.866025403784  0.353553390593  -4.008070  -0.707106781187  8.65956056235e-17  0.707106781187  0  1  1.0
   000171@stack2D.mrc  -0.353553390593  -0.866025403784  -0.353553390593  3.104023  0.612372435696  -0.5  0.612372435696  -1.668743  -0.707106781187  8.65956056235e-17  0.707106781187  0  1  1.0
   000172@stack2D.mrc  -1.65762482727e-16  -1.0  -4.32978028118e-17  3.071223  0.707106781187  -1.47827945581e-16  0.707106781187  -2.961226  -0.707106781187  8.65956056235e-17  0.707106781187  0  1  1.0
   000173@stack2D.mrc  0.353553390593  -0.866025403784  0.353553390593  -0.459037  0.612372435696  0.5  0.612372435696  -2.052338  -0.707106781187  8.65956056235e-17  0.707106781187  0  1  1.0
   000174@stack2D.mrc  0.612372435696  -0.5  0.612372435696  5.064155  0.353553390593  0.866025403784  0.353553390593  -1.982550  -0.707106781187  8.65956056235e-17  0.707106781187  0  1  1.0
   000175@stack2D.mrc  0.707106781187  -2.09060285538e-16  0.707106781187  -0.379309  2.09060285538e-16  1.0  8.65956056235e-17  9.910625  -0.707106781187  8.65956056235e-17  0.707106781187  0  1  1.0
   000176@stack2D.mrc  -0.5  6.12323399574e-17  -0.866025403784  0.359701  -1.22464679915e-16  -1.0  0.0  7.481371  -0.866025403784  1.06057523872e-16  0.5  0  1  1.0
   000177@stack2D.mrc  -0.433012701892  -0.5  -0.75  1.408780  0.25  -0.866025403784  0.433012701892  1.341229  -0.866025403784  1.06057523872e-16  0.5  0  1  1.0
   000178@stack2D.mrc  -0.25  -0.866025403784  -0.433012701892  -2.396550  0.433012701892  -0.5  0.75  -3.134263  -0.866025403784  1.06057523872e-16  0.5  0  1  1.0
   000179@stack2D.mrc  -1.53080849893e-16  -1.0  -5.30287619362e-17  -1.299125  0.5  -1.22464679915e-16  0.866025403784  -7.471220  -0.866025403784  1.06057523872e-16  0.5  0  1  1.0
   000180@stack2D.mrc  0.25  -0.866025403784  0.433012701892  2.498632  0.433012701892  0.5  0.75  -4.440192  -0.866025403784  1.06057523872e-16  0.5  0  1  1.0
   000181@stack2D.mrc  0.433012701892  -0.5  0.75  -2.886771  0.25  0.866025403784  0.433012701892  -5.403834  -0.866025403784  1.06057523872e-16  0.5  0  1  1.0
   000182@stack2D.mrc  0.5  -1.83697019872e-16  0.866025403784  0.599982  1.83697019872e-16  1.0  1.06057523872e-16  -2.348200  -0.866025403784  1.06057523872e-16  0.5  0  1  1.0
   000183@stack2D.mrc  -0.258819045103  3.16961915143e-17  -0.965925826289  -1.557645  -1.22464679915e-16  -1.0  0.0  5.032060  -0.965925826289  1.18291797138e-16  0.258819045103  0  1  1.0
   000184@stack2D.mrc  -0.224143868042  -0.5  -0.836516303738  5.201410  0.129409522551  -0.866025403784  0.482962913145  -1.028469  -0.965925826289  1.18291797138e-16  0.258819045103  0  1  1.0
   000185@stack2D.mrc  -0.129409522551  -0.866025403784  -0.482962913145  4.803366  0.224143868042  -0.5  0.836516303738  -1.191648  -0.965925826289  1.18291797138e-16  0.258819045103  0  1  1.0
   000186@stack2D.mrc  -1.38312775672e-16  -1.0  -5.91458985689e-17  -2.955216  0.258819045103  -9.29285314717e-17  0.965925826289  0.390721  -0.965925826289  1.18291797138e-16  0.258819045103  0  1  1.0
   000187@stack2D.mrc  0.129409522551  -0.866025403784  0.482962913145  4.421209  0.224143868042  0.5  0.836516303738  -3.810301  -0.965925826289  1.18291797138e-16  0.258819045103  0  1  1.0
   000188@stack2D.mrc  0.224143868042  -0.5  0.836516303738  -3.429239  0.129409522551  0.866025403784  0.482962913145  3.331621  -0.965925826289  1.18291797138e-16  0.258819045103  0  1  1.0
   000189@stack2D.mrc  0.258819045103  -1.54160871429e-16  0.965925826289  0.662978  1.54160871429e-16  1.0  1.18291797138e-16  1.776404  -0.965925826289  1.18291797138e-16  0.258819045103  0  1  1.0
   000190@stack2D.mrc  -6.12323399574e-17  7.49879891331e-33  -1.0  5.101434  -1.22464679915e-16  -1.0  0.0  0.521436  -1.0  1.22464679915e-16  6.12323399574e-17  0  1  1.0
   000191@stack2D.mrc  -1.14261101894e-16  -0.5  -0.866025403784  2.325847  -7.54413538938e-17  -0.866025403784  0.5  -6.020066  -1.0  1.22464679915e-16  6.12323399574e-17  0  1  1.0
   000192@stack2D.mrc  -1.36673693851e-16  -0.866025403784  -0.5  9.014678  -8.20357802112e-18  -0.5  0.866025403784  6.112221  -1.0  1.22464679915e-16  6.12323399574e-17  0  1  1.0
   000193@stack2D.mrc  -1.22464679915e-16  -1.0  -6.12323399574e-17  2.104984  6.12323399574e-17  -6.12323399574e-17  1.0  -6.557524  -1.0  1.22464679915e-16  6.12323399574e-17  0  1  1.0
   000194@stack2D.mrc  -7.54413538938e-17  -0.866025403784  0.5  -3.616221  1.14261101894e-16  0.5  0.866025403784  4.302307  -1.0  1.22464679915e-16  6.12323399574e-17  0  1  1.0
   000195@stack2D.mrc  -8.20357802112e-18  -0.5  0.866025403784  1.093862  1.36673693851e-16  0.866025403784  0.5  -5.002065  -1.0  1.22464679915e-16  6.12323399574e-17  0  1  1.0
   000196@stack2D.mrc  6.12323399574e-17  -1.22464679915e-16  1.0  0.231784  1.22464679915e-16  1.0  1.22464679915e-16  -4.233424  -1.0  1.22464679915e-16  6.12323399574e-17  0  1  1.0
   000197@stack2D.mrc  -0.5  -0.866025403784  0.0  -7.469552  0.866025403784  -0.5  0.0  2.104042  0.0  0.0  1.0  0  1  1.0
   000198@stack2D.mrc  -6.10622663544e-16  -1.0  0.0  -0.600746  1.0  -6.10622663544e-16  0.0  6.801773  0.0  0.0  1.0  0  1  1.0
   000199@stack2D.mrc  0.5  -0.866025403784  0.0  6.768180  0.866025403784  0.5  0.0  -1.246310  0.0  0.0  1.0  0  1  1.0
   000200@stack2D.mrc  0.866025403784  -0.5  0.0  -5.005373  0.5  0.866025403784  0.0  -2.889222  0.0  0.0  1.0  0  1  1.0
   000201@stack2D.mrc  1.0  -7.21644966006e-16  0.0  0.384165  7.21644966006e-16  1.0  0.0  -2.028857  0.0  0.0  1.0  0  1  1.0
   000202@stack2D.mrc  0.866025403784  0.5  0.0  -1.091285  -0.5  0.866025403784  0.0  -2.502757  0.0  0.0  1.0  0  1  1.0
   000203@stack2D.mrc  0.5  0.866025403784  0.0  6.351552  -0.866025403784  0.5  0.0  -2.794464  0.0  0.0  1.0  0  1  1.0
   000204@stack2D.mrc  -0.482962913145  -0.836516303738  -0.258819045103  -4.188178  0.866025403784  -0.5  0.0  -8.137416  -0.129409522551  -0.224143868042  0.965925826289  0  1  1.0
   000205@stack2D.mrc  0.0147545500233  -0.974444369717  -0.224143868042  1.650054  0.991481456572  -0.0147545500233  0.129409522551  7.768107  -0.129409522551  -0.224143868042  0.965925826289  0  1  1.0
   000206@stack2D.mrc  0.508518543428  -0.851270853761  -0.129409522551  3.856501  0.851270853761  0.474444369717  0.224143868042  -4.353819  -0.129409522551  -0.224143868042  0.965925826289  0  1  1.0
   000207@stack2D.mrc  0.866025403784  -0.5  -1.58480957572e-17  -0.172062  0.482962913145  0.836516303738  0.258819045103  0.265001  -0.129409522551  -0.224143868042  0.965925826289  0  1  1.0
   000208@stack2D.mrc  0.991481456572  -0.0147545500233  0.129409522551  -3.317007  -0.0147545500233  0.974444369717  0.224143868042  1.082519  -0.129409522551  -0.224143868042  0.965925826289  0  1  1.0
   000209@stack2D.mrc  0.851270853761  0.474444369717  0.224143868042  -3.072365  -0.508518543428  0.851270853761  0.129409522551  -0.520141  -0.129409522551  -0.224143868042  0.965925826289  0  1  1.0
   000210@stack2D.mrc  0.482962913145  0.836516303738  0.258819045103  -3.786407  -0.866025403784  0.5  3.16961915143e-17  -3.211410  -0.129409522551  -0.224143868042  0.965925826289  0  1  1.0
   000211@stack2D.mrc  -0.433012701892  -0.75  -0.5  0.157602  0.866025403784  -0.5  0.0  0.224010  -0.25  -0.433012701892  0.866025403784  0  1  1.0
   000212@stack2D.mrc  0.0580127018922  -0.899519052838  -0.433012701892  7.810761  0.966506350946  -0.0580127018922  0.25  -0.151001  -0.25  -0.433012701892  0.866025403784  0  1  1.0
   000213@stack2D.mrc  0.533493649054  -0.808012701892  -0.25  3.771022  0.808012701892  0.399519052838  0.433012701892  -2.492286  -0.25  -0.433012701892  0.866025403784  0  1  1.0
   000214@stack2D.mrc  0.866025403784  -0.5  -3.06161699787e-17  -2.164040  0.433012701892  0.75  0.5  1.184454  -0.25  -0.433012701892  0.866025403784  0  1  1.0
   000215@stack2D.mrc  0.966506350946  -0.0580127018922  0.25  -1.128664  -0.0580127018922  0.899519052838  0.433012701892  3.625320  -0.25  -0.433012701892  0.866025403784  0  1  1.0
   000216@stack2D.mrc  0.808012701892  0.399519052838  0.433012701892  -1.473612  -0.533493649054  0.808012701892  0.25  4.826224  -0.25  -0.433012701892  0.866025403784  0  1  1.0
   000217@stack2D.mrc  0.433012701892  0.75  0.5  -3.673139  -0.866025403784  0.5  6.12323399574e-17  1.826211  -0.25  -0.433012701892  0.866025403784  0  1  1.0
   000218@stack2D.mrc  -0.353553390593  -0.612372435696  -0.707106781187  4.522891  0.866025403784  -0.5  0.0  1.748001  -0.353553390593  -0.612372435696  0.707106781187  0  1  1.0
   000219@stack2D.mrc  0.126826484044  -0.78033008589  -0.612372435696  6.433774  0.926776695297  -0.126826484044  0.353553390593  -1.127252  -0.353553390593  -0.612372435696  0.707106781187  0  1  1.0
   000220@stack2D.mrc  0.573223304703  -0.73919891974  -0.353553390593  2.660039  0.73919891974  0.28033008589  0.612372435696  3.856496  -0.353553390593  -0.612372435696  0.707106781187  0  1  1.0
   000221@stack2D.mrc  0.866025403784  -0.5  -4.32978028118e-17  -1.528588  0.353553390593  0.612372435696  0.707106781187  -0.547505  -0.353553390593  -0.612372435696  0.707106781187  0  1  1.0
   000222@stack2D.mrc  0.926776695297  -0.126826484044  0.353553390593  0.316763  -0.126826484044  0.78033008589  0.612372435696  -0.302255  -0.353553390593  -0.612372435696  0.707106781187  0  1  1.0
   000223@stack2D.mrc  0.73919891974  0.28033008589  0.612372435696  7.156438  -0.573223304703  0.73919891974  0.353553390593  -2.670535  -0.353553390593  -0.612372435696  0.707106781187  0  1  1.0
   000224@stack2D.mrc  0.353553390593  0.612372435696  0.707106781187  5.702828  -0.866025403784  0.5  8.65956056235e-17  1.258790  -0.353553390593  -0.612372435696  0.707106781187  0  1  1.0
   000225@stack2D.mrc  -0.25  -0.433012701892  -0.866025403784  -2.719524  0.866025403784  -0.5  0.0  -0.406093  -0.433012701892  -0.75  0.5  0  1  1.0
